t_0 =  78.12 * 234
t_1 =  45 + t_0
t_2 =  t_1 + 56
asd = t_2
asd2 = 7
